7 0.2158203125 0.126953125 0.220703125 0.171875
7 0.8955078125 0.4248046875 0.208984375 0.205078125
7 0.7841796875 0.8359375 0.236328125 0.265625
7 0.54296875 0.357421875 0.23046875 0.2109375
7 0.603515625 0.46875 0.203125 0.14453125
7 0.517578125 0.6220703125 0.1875 0.181640625
7 0.3916015625 0.7646484375 0.158203125 0.142578125
7 0.5419921875 0.7587890625 0.169921875 0.189453125
7 0.7451171875 0.6865234375 0.134765625 0.162109375
7 0.80859375 0.591796875 0.3828125 0.1875
7 0.3330078125 0.66796875 0.134765625 0.15234375
7 0.318359375 0.4140625 0.2109375 0.1796875
7 0.3984375 0.515625 0.2109375 0.1484375
7 0.1953125 0.74609375 0.2109375 0.21484375
7 0.08984375 0.5224609375 0.15234375 0.220703125
