1 0.1318359375 0.29296875 0.244140625 0.5546875
7 0.794921875 0.2626953125 0.1484375 0.150390625
7 0.859375 0.4658203125 0.23828125 0.189453125
7 0.7060546875 0.5693359375 0.169921875 0.134765625
7 0.5 0.51953125 0.1171875 0.12890625
7 0.35546875 0.1240234375 0.14453125 0.169921875
7 0.42578125 0.3330078125 0.15625 0.150390625
7 0.2939453125 0.353515625 0.095703125 0.16015625
7 0.3525390625 0.447265625 0.126953125 0.11328125
7 0.380859375 0.537109375 0.1484375 0.1015625
7 0.412109375 0.6181640625 0.1328125 0.130859375
7 0.2158203125 0.697265625 0.212890625 0.16796875
7 0.26171875 0.861328125 0.17578125 0.13671875
