7 0.552734375 0.3037109375 0.40625 0.134765625
7 0.326171875 0.341796875 0.109375 0.09375
7 0.345703125 0.4033203125 0.40625 0.154296875
7 0.576171875 0.740234375 0.13671875 0.22265625
7 0.2216796875 0.5458984375 0.169921875 0.138671875
7 0.345703125 0.59765625 0.10546875 0.17578125
7 0.4501953125 0.619140625 0.130859375 0.16796875
7 0.404296875 0.7705078125 0.2734375 0.169921875
7 0.1181640625 0.6796875 0.142578125 0.18359375
7 0.21875 0.6376953125 0.1484375 0.111328125
7 0.2509765625 0.7626953125 0.166015625 0.162109375
