7 0.943359375 0.65234375 0.11328125 0.23828125
7 0.80859375 0.6181640625 0.14453125 0.169921875
7 0.6552734375 0.1240234375 0.259765625 0.201171875
7 0.7373046875 0.3037109375 0.197265625 0.146484375
7 0.693359375 0.4091796875 0.1171875 0.099609375
7 0.7421875 0.5 0.2734375 0.17578125
7 0.2587890625 0.7431640625 0.271484375 0.232421875
7 0.5615234375 0.291015625 0.185546875 0.1796875
7 0.5078125 0.474609375 0.171875 0.1796875
7 0.4443359375 0.1591796875 0.205078125 0.169921875
7 0.267578125 0.0751953125 0.15234375 0.138671875
7 0.1962890625 0.2392578125 0.201171875 0.154296875
7 0.19140625 0.3818359375 0.1796875 0.146484375
7 0.38671875 0.59765625 0.21875 0.2109375
7 0.1416015625 0.87890625 0.232421875 0.18359375
7 0.0771484375 0.62890625 0.138671875 0.15234375
