7 0.83203125 0.15234375 0.203125 0.14453125
7 0.6943359375 0.1484375 0.123046875 0.1640625
7 0.9296875 0.45703125 0.140625 0.35546875
7 0.6982421875 0.8837890625 0.240234375 0.232421875
7 0.361328125 0.44921875 0.2421875 0.1484375
7 0.4365234375 0.6875 0.412109375 0.30859375
7 0.56640625 0.1220703125 0.11328125 0.142578125
7 0.447265625 0.064453125 0.16796875 0.109375
7 0.591796875 0.2607421875 0.3828125 0.294921875
7 0.337890625 0.1171875 0.140625 0.13671875
7 0.224609375 0.1865234375 0.140625 0.255859375
7 0.09765625 0.43359375 0.15234375 0.15234375
7 0.078125 0.7841796875 0.1171875 0.115234375
