7 0.161133 0.055664 0.130859 0.103516
7 0.940430 0.159180 0.119141 0.158203
7 0.847656 0.310547 0.183594 0.171875
7 0.902344 0.471680 0.191406 0.185547
7 0.726562 0.156250 0.210938 0.148438
7 0.713867 0.481445 0.181641 0.197266
7 0.704102 0.648438 0.154297 0.164062
7 0.899414 0.696289 0.201172 0.181641
7 0.596680 0.310547 0.205078 0.167969
7 0.774414 0.054688 0.236328 0.085938
7 0.943359 0.888672 0.113281 0.164062
7 0.533203 0.438477 0.207031 0.154297
7 0.465820 0.154297 0.181641 0.164062
7 0.566406 0.678711 0.148438 0.162109
7 0.792969 0.837891 0.152344 0.199219
7 0.508789 0.069336 0.134766 0.115234
7 0.238281 0.500000 0.199219 0.191406
7 0.236328 0.214844 0.167969 0.167969
7 0.665039 0.947266 0.154297 0.105469
7 0.468750 0.875000 0.199219 0.226562
7 0.635742 0.816406 0.146484 0.144531
7 0.272461 0.682617 0.302734 0.185547
7 0.322266 0.050781 0.125000 0.101562
7 0.102539 0.163086 0.166016 0.162109
7 0.151367 0.814453 0.197266 0.171875
7 0.913086 0.474609 0.173828 0.152344
