7 0.853515625 0.7607421875 0.2265625 0.322265625
7 0.6103515625 0.48046875 0.373046875 0.20703125
7 0.5078125 0.2646484375 0.31640625 0.205078125
7 0.216796875 0.36328125 0.20703125 0.20703125
7 0.689453125 0.669921875 0.1953125 0.24609375
7 0.4033203125 0.490234375 0.232421875 0.203125
7 0.50390625 0.7060546875 0.171875 0.232421875
7 0.16015625 0.53515625 0.28125 0.21484375
7 0.126953125 0.82421875 0.22265625 0.28125
7 0.3310546875 0.6123046875 0.193359375 0.154296875
7 0.3251953125 0.78515625 0.259765625 0.25390625
