7 0.912109375 0.3662109375 0.1640625 0.232421875
7 0.6240234375 0.3525390625 0.185546875 0.197265625
7 0.4111328125 0.0966796875 0.212890625 0.138671875
7 0.2744140625 0.3759765625 0.193359375 0.134765625
7 0.28515625 0.626953125 0.140625 0.14453125
7 0.142578125 0.53125 0.11328125 0.12890625
7 0.365234375 0.7001953125 0.140625 0.099609375
7 0.3173828125 0.84375 0.142578125 0.140625
7 0.0927734375 0.6376953125 0.138671875 0.126953125
7 0.1376953125 0.75 0.177734375 0.14453125
7 0.1943359375 0.896484375 0.158203125 0.16015625
