7 0.6689453125 0.48046875 0.333984375 0.296875
7 0.4990234375 0.2587890625 0.279296875 0.416015625
7 0.9287109375 0.4541015625 0.142578125 0.185546875
7 0.3720703125 0.21875 0.123046875 0.1171875
7 0.5322265625 0.6884765625 0.138671875 0.177734375
7 0.86328125 0.771484375 0.19140625 0.45703125
7 0.650390625 0.8828125 0.48828125 0.234375
7 0.2724609375 0.580078125 0.326171875 0.6328125
7 0.259765625 0.2138671875 0.1484375 0.154296875
7 0.0712890625 0.041015625 0.123046875 0.07421875
7 0.125 0.095703125 0.12109375 0.109375
