7 0.537109 0.151367 0.316406 0.248047
7 0.165039 0.134766 0.142578 0.160156
7 0.058594 0.168945 0.109375 0.130859
7 0.898438 0.601562 0.195312 0.171875
7 0.671875 0.880859 0.144531 0.187500
7 0.888672 0.738281 0.171875 0.125000
7 0.797852 0.763672 0.111328 0.164062
7 0.784180 0.896484 0.099609 0.148438
7 0.231445 0.307617 0.185547 0.138672
7 0.694336 0.579102 0.138672 0.185547
7 0.639648 0.671875 0.142578 0.132812
7 0.583984 0.486328 0.109375 0.113281
7 0.403320 0.646484 0.123047 0.148438
7 0.574219 0.744141 0.156250 0.144531
7 0.383789 0.353516 0.236328 0.218750
7 0.271484 0.416992 0.292969 0.287109
7 0.504883 0.536133 0.158203 0.158203
