7 0.302734 0.155273 0.097656 0.130859
7 0.810547 0.423828 0.257812 0.171875
7 0.606445 0.206055 0.298828 0.251953
7 0.538086 0.407227 0.150391 0.193359
7 0.526367 0.584961 0.154297 0.126953
7 0.642578 0.833984 0.171875 0.167969
7 0.343750 0.058594 0.105469 0.117188
7 0.417969 0.291016 0.132812 0.191406
7 0.420898 0.537109 0.142578 0.132812
7 0.501953 0.700195 0.171875 0.134766
7 0.547852 0.885742 0.255859 0.224609
7 0.437500 0.917969 0.167969 0.148438
7 0.279297 0.327148 0.085938 0.150391
7 0.261719 0.637695 0.109375 0.126953
7 0.347656 0.670898 0.121094 0.115234
7 0.066406 0.398438 0.105469 0.285156
7 0.306641 0.769531 0.140625 0.128906
7 0.285156 0.937500 0.164062 0.125000
7 0.152344 0.860352 0.195312 0.201172
7 0.117188 0.654297 0.113281 0.160156
7 0.051758 0.778320 0.076172 0.130859
7 0.229492 0.068359 0.146484 0.128906
7 0.166016 0.125977 0.152344 0.158203
7 0.126953 0.246094 0.148438 0.097656
7 0.153320 0.348633 0.142578 0.166016
7 0.244141 0.499023 0.125000 0.115234
