7 0.212890625 0.1025390625 0.22265625 0.173828125
7 0.37890625 0.1875 0.203125 0.234375
7 0.544921875 0.1640625 0.16796875 0.17578125
7 0.5458984375 0.3017578125 0.138671875 0.123046875
7 0.6513671875 0.3759765625 0.150390625 0.123046875
7 0.755859375 0.4931640625 0.14453125 0.130859375
7 0.8525390625 0.6025390625 0.240234375 0.169921875
7 0.4091796875 0.3408203125 0.119140625 0.130859375
7 0.435546875 0.4453125 0.11328125 0.12109375
7 0.5087890625 0.4775390625 0.095703125 0.111328125
7 0.625 0.546875 0.15625 0.1484375
7 0.3017578125 0.4541015625 0.162109375 0.162109375
7 0.5048828125 0.611328125 0.142578125 0.125
7 0.3037109375 0.595703125 0.119140625 0.17578125
7 0.3984375 0.6611328125 0.1171875 0.154296875
7 0.4951171875 0.71484375 0.142578125 0.16015625
7 0.5771484375 0.78515625 0.130859375 0.18359375
7 0.6630859375 0.841796875 0.130859375 0.2421875
