7 0.7294921875 0.24609375 0.193359375 0.17578125
7 0.9306640625 0.5634765625 0.138671875 0.162109375
7 0.7529296875 0.5166015625 0.205078125 0.146484375
7 0.6552734375 0.357421875 0.212890625 0.203125
7 0.6787109375 0.591796875 0.162109375 0.1484375
7 0.431640625 0.3154296875 0.23828125 0.208984375
7 0.7958984375 0.69140625 0.146484375 0.140625
7 0.919921875 0.751953125 0.16015625 0.2265625
7 0.404296875 0.47265625 0.24609375 0.18359375
7 0.5537109375 0.6142578125 0.142578125 0.185546875
7 0.60546875 0.755859375 0.16015625 0.16796875
7 0.7646484375 0.7900390625 0.134765625 0.134765625
7 0.3759765625 0.62890625 0.173828125 0.203125
7 0.6494140625 0.8466796875 0.146484375 0.123046875
7 0.7890625 0.9345703125 0.21484375 0.130859375
7 0.2392578125 0.6279296875 0.154296875 0.205078125
7 0.373046875 0.8173828125 0.21484375 0.181640625
7 0.5166015625 0.91015625 0.197265625 0.1796875
7 0.05078125 0.4609375 0.08203125 0.140625
7 0.189453125 0.8203125 0.15625 0.14453125
7 0.3095703125 0.947265625 0.173828125 0.10546875
7 0.0673828125 0.7158203125 0.095703125 0.181640625
7 0.1220703125 0.662109375 0.126953125 0.14453125
7 0.169921875 0.9169921875 0.171875 0.166015625
7 0.12890625 0.5224609375 0.23046875 0.193359375
7 0.0439453125 0.89453125 0.064453125 0.13671875
