7 0.90625 0.3876953125 0.16796875 0.302734375
7 0.7626953125 0.236328125 0.115234375 0.234375
7 0.701171875 0.4501953125 0.109375 0.154296875
7 0.8134765625 0.4072265625 0.095703125 0.177734375
7 0.31640625 0.2392578125 0.1796875 0.158203125
7 0.4755859375 0.3046875 0.123046875 0.11328125
7 0.29296875 0.3642578125 0.08984375 0.083984375
7 0.373046875 0.458984375 0.16796875 0.17578125
7 0.5751953125 0.7314453125 0.091796875 0.103515625
7 0.2373046875 0.5908203125 0.166015625 0.173828125
7 0.31640625 0.810546875 0.15625 0.12890625
7 0.234375 0.7099609375 0.13671875 0.134765625
7 0.109375 0.7470703125 0.1328125 0.138671875
7 0.3056640625 0.919921875 0.173828125 0.125
7 0.138671875 0.8759765625 0.1171875 0.146484375
