7 0.8515625 0.5205078125 0.1328125 0.123046875
7 0.9013671875 0.8095703125 0.173828125 0.275390625
7 0.7548828125 0.19921875 0.244140625 0.30078125
7 0.5546875 0.392578125 0.09375 0.19140625
7 0.646484375 0.8623046875 0.171875 0.158203125
7 0.44140625 0.2841796875 0.125 0.146484375
7 0.142578125 0.373046875 0.1328125 0.22265625
7 0.3212890625 0.6533203125 0.134765625 0.134765625
7 0.10546875 0.7763671875 0.17578125 0.181640625
7 0.4482421875 0.783203125 0.150390625 0.1484375
7 0.49609375 0.6708984375 0.1015625 0.142578125
7 0.056640625 0.396484375 0.1015625 0.1484375
7 0.4580078125 0.50390625 0.130859375 0.12890625
