7 0.525390625 0.3427734375 0.14453125 0.158203125
7 0.4873046875 0.4560546875 0.201171875 0.130859375
7 0.5703125 0.8017578125 0.3203125 0.373046875
7 0.3037109375 0.7900390625 0.138671875 0.345703125
7 0.2529296875 0.4521484375 0.201171875 0.201171875
7 0.3212890625 0.599609375 0.111328125 0.109375
7 0.1015625 0.75 0.15234375 0.16015625
7 0.119140625 0.5927734375 0.12890625 0.103515625
7 0.1474609375 0.4990234375 0.150390625 0.123046875
7 0.4267578125 0.796875 0.130859375 0.20703125
7 0.376953125 0.234375 0.12109375 0.12109375
