5 0.271484 0.794922 0.207031 0.289062
5 0.165039 0.235352 0.185547 0.177734
5 0.436523 0.067383 0.181641 0.107422
5 0.661133 0.124023 0.111328 0.220703
5 0.773438 0.153320 0.152344 0.205078
5 0.766602 0.372070 0.169922 0.126953
5 0.659180 0.483398 0.103516 0.205078
5 0.814453 0.455078 0.210938 0.226562
5 0.572266 0.130859 0.074219 0.179688
5 0.635742 0.262695 0.115234 0.154297
5 0.539062 0.375977 0.140625 0.173828
5 0.428711 0.407227 0.107422 0.197266
5 0.306641 0.142578 0.113281 0.234375
5 0.156250 0.428711 0.222656 0.224609
5 0.291016 0.362305 0.152344 0.138672
