7 0.847656 0.363281 0.187500 0.195312
7 0.387695 0.801758 0.193359 0.138672
7 0.492188 0.241211 0.128906 0.111328
7 0.549805 0.332031 0.119141 0.128906
7 0.362305 0.132812 0.130859 0.113281
7 0.390625 0.250977 0.093750 0.095703
7 0.398438 0.333984 0.121094 0.113281
7 0.404297 0.458008 0.125000 0.150391
7 0.298828 0.499023 0.132812 0.162109
7 0.283203 0.303711 0.136719 0.146484
7 0.154297 0.319336 0.144531 0.134766
7 0.345703 0.629883 0.089844 0.119141
7 0.449219 0.689453 0.113281 0.113281
7 0.167969 0.415039 0.101562 0.138672
7 0.064453 0.362305 0.101562 0.162109
7 0.220703 0.897461 0.195312 0.154297
