7 0.506836 0.738281 0.091797 0.144531
7 0.363281 0.715820 0.125000 0.123047
7 0.434570 0.858398 0.091797 0.107422
7 0.361328 0.416016 0.101562 0.148438
7 0.585938 0.556641 0.136719 0.132812
7 0.464844 0.607422 0.132812 0.101562
7 0.251953 0.601562 0.179688 0.417969
7 0.499023 0.484375 0.162109 0.136719
7 0.462891 0.379883 0.121094 0.130859
7 0.829102 0.399414 0.173828 0.146484
7 0.731445 0.505859 0.158203 0.101562
7 0.658203 0.419922 0.148438 0.156250
7 0.736328 0.240234 0.246094 0.199219
7 0.383789 0.812500 0.099609 0.105469
7 0.532227 0.921875 0.138672 0.152344
