7 0.8671875 0.8564453125 0.2109375 0.287109375
7 0.1796875 0.2646484375 0.1484375 0.208984375
7 0.36328125 0.234375 0.1484375 0.1171875
7 0.7626953125 0.302734375 0.185546875 0.12890625
7 0.6259765625 0.263671875 0.146484375 0.18359375
7 0.4521484375 0.43359375 0.169921875 0.19921875
7 0.7080078125 0.5625 0.138671875 0.11328125
7 0.1083984375 0.462890625 0.142578125 0.15625
7 0.55859375 0.869140625 0.140625 0.14453125
7 0.66796875 0.47265625 0.26171875 0.18359375
7 0.3828125 0.6044921875 0.15234375 0.166015625
7 0.427734375 0.6728515625 0.08984375 0.111328125
7 0.5380859375 0.732421875 0.119140625 0.171875
