7 0.626953125 0.1875 0.234375 0.23046875
7 0.431640625 0.06640625 0.1640625 0.1328125
7 0.365234375 0.189453125 0.30078125 0.17578125
7 0.60546875 0.3818359375 0.25390625 0.123046875
7 0.6533203125 0.5244140625 0.419921875 0.138671875
7 0.4853515625 0.7138671875 0.201171875 0.166015625
7 0.619140625 0.828125 0.2265625 0.18359375
7 0.2578125 0.8818359375 0.2421875 0.236328125
7 0.2587890625 0.7119140625 0.330078125 0.150390625
7 0.1162109375 0.5947265625 0.146484375 0.169921875
7 0.3271484375 0.5 0.349609375 0.1484375
