7 0.8505859375 0.251953125 0.146484375 0.15234375
7 0.7119140625 0.568359375 0.224609375 0.1875
7 0.708984375 0.193359375 0.12890625 0.12890625
7 0.578125 0.1484375 0.125 0.12109375
7 0.5615234375 0.2861328125 0.115234375 0.158203125
7 0.6416015625 0.3876953125 0.173828125 0.154296875
7 0.505859375 0.556640625 0.21484375 0.234375
7 0.3017578125 0.498046875 0.232421875 0.2734375
7 0.4306640625 0.349609375 0.173828125 0.19921875
7 0.1005859375 0.36328125 0.154296875 0.1953125
7 0.302734375 0.298828125 0.16015625 0.14453125
7 0.4873046875 0.787109375 0.314453125 0.2265625
