7 0.5390625 0.3623046875 0.140625 0.154296875
7 0.5107421875 0.5009765625 0.189453125 0.154296875
7 0.3681640625 0.5927734375 0.115234375 0.169921875
7 0.0966796875 0.1328125 0.146484375 0.125
7 0.349609375 0.36328125 0.09375 0.19921875
7 0.7041015625 0.232421875 0.126953125 0.125
7 0.4892578125 0.666015625 0.177734375 0.15625
7 0.5126953125 0.83203125 0.232421875 0.140625
7 0.3896484375 0.1865234375 0.126953125 0.107421875
2 0.826171875 0.6572265625 0.34765625 0.498046875
7 0.216796875 0.54296875 0.15234375 0.1875
