7 0.5673828125 0.443359375 0.150390625 0.1328125
7 0.87109375 0.548828125 0.203125 0.296875
7 0.5625 0.5556640625 0.15234375 0.119140625
7 0.4892578125 0.658203125 0.201171875 0.13671875
7 0.32421875 0.197265625 0.17578125 0.11328125
7 0.396484375 0.2802734375 0.22265625 0.115234375
7 0.18359375 0.279296875 0.203125 0.15625
7 0.2109375 0.3916015625 0.12890625 0.134765625
7 0.4150390625 0.490234375 0.154296875 0.140625
7 0.40625 0.3876953125 0.2578125 0.189453125
7 0.21875 0.8388671875 0.3203125 0.275390625
