2 0.251953125 0.4658203125 0.47265625 0.615234375
7 0.7724609375 0.3564453125 0.216796875 0.236328125
7 0.8271484375 0.611328125 0.115234375 0.21875
7 0.9345703125 0.6279296875 0.111328125 0.216796875
7 0.7021484375 0.482421875 0.146484375 0.1875
7 0.560546875 0.4697265625 0.1484375 0.197265625
7 0.673828125 0.6083984375 0.12890625 0.115234375
7 0.59765625 0.79296875 0.15625 0.22265625
7 0.8154296875 0.83203125 0.283203125 0.26953125
7 0.6884765625 0.6962890625 0.154296875 0.115234375
2 0.185546875 0.8837890625 0.33984375 0.232421875
