7 0.728515625 0.1318359375 0.14453125 0.138671875
7 0.939453125 0.30859375 0.12109375 0.12890625
7 0.7978515625 0.462890625 0.134765625 0.16796875
7 0.6826171875 0.2841796875 0.169921875 0.126953125
7 0.6630859375 0.427734375 0.154296875 0.1328125
7 0.365234375 0.3427734375 0.14453125 0.134765625
7 0.5341796875 0.41796875 0.123046875 0.16796875
7 0.4912109375 0.2490234375 0.158203125 0.154296875
7 0.1552734375 0.3408203125 0.150390625 0.166015625
7 0.447265625 0.5986328125 0.28515625 0.146484375
7 0.64453125 0.6025390625 0.109375 0.138671875
7 0.529296875 0.8076171875 0.1796875 0.126953125
