7 0.057617 0.929688 0.099609 0.140625
7 0.698242 0.374023 0.251953 0.091797
2 0.938477 0.182617 0.123047 0.318359
7 0.821289 0.131836 0.205078 0.181641
7 0.365234 0.875977 0.125000 0.103516
7 0.067383 0.735352 0.119141 0.134766
7 0.060547 0.313477 0.117188 0.134766
7 0.206055 0.894531 0.130859 0.121094
7 0.424805 0.604492 0.173828 0.103516
7 0.085938 0.148438 0.156250 0.113281
7 0.163086 0.257812 0.162109 0.175781
7 0.269531 0.445312 0.121094 0.132812
7 0.216797 0.613281 0.140625 0.171875
7 0.302734 0.782227 0.164062 0.126953
7 0.098633 0.468750 0.162109 0.148438
7 0.095703 0.621094 0.117188 0.121094
7 0.575195 0.865234 0.173828 0.167969
7 0.396484 0.477539 0.148438 0.146484
7 0.283203 0.182617 0.203125 0.154297
7 0.571289 0.551758 0.169922 0.349609
7 0.717773 0.627930 0.150391 0.150391
