7 0.849609375 0.2890625 0.140625 0.125
7 0.8466796875 0.5625 0.138671875 0.1171875
7 0.859375 0.4306640625 0.16796875 0.216796875
7 0.7431640625 0.4560546875 0.123046875 0.205078125
7 0.5556640625 0.36328125 0.193359375 0.109375
7 0.388671875 0.44140625 0.18359375 0.1484375
7 0.4375 0.568359375 0.14453125 0.1171875
7 0.919921875 0.7734375 0.09375 0.21484375
7 0.8291015625 0.88671875 0.154296875 0.1640625
2 0.1357421875 0.6357421875 0.267578125 0.650390625
2 0.3955078125 0.1669921875 0.517578125 0.322265625
