7 0.7646484375 0.306640625 0.111328125 0.1328125
7 0.8984375 0.2685546875 0.109375 0.119140625
7 0.9599609375 0.322265625 0.080078125 0.125
7 0.837890625 0.4140625 0.10546875 0.12109375
7 0.8955078125 0.5009765625 0.083984375 0.126953125
7 0.8974609375 0.640625 0.068359375 0.12890625
7 0.794921875 0.671875 0.1015625 0.14453125
7 0.7470703125 0.4345703125 0.091796875 0.134765625
7 0.955078125 0.677734375 0.08984375 0.1171875
7 0.87890625 0.7783203125 0.11328125 0.142578125
7 0.685546875 0.5107421875 0.11328125 0.142578125
2 0.2744140625 0.2705078125 0.498046875 0.505859375
7 0.298828125 0.7861328125 0.16796875 0.166015625
7 0.943359375 0.9287109375 0.11328125 0.138671875
7 0.4912109375 0.9013671875 0.142578125 0.150390625
