7 0.6376953125 0.2080078125 0.130859375 0.123046875
7 0.7197265625 0.2998046875 0.115234375 0.134765625
7 0.8125 0.359375 0.125 0.1640625
7 0.6923828125 0.4365234375 0.123046875 0.162109375
7 0.7587890625 0.576171875 0.107421875 0.1484375
7 0.53515625 0.259765625 0.1484375 0.1484375
7 0.5888671875 0.416015625 0.162109375 0.15625
7 0.6533203125 0.640625 0.146484375 0.17578125
7 0.447265625 0.341796875 0.1484375 0.1953125
7 0.4384765625 0.5029296875 0.150390625 0.177734375
7 0.4775390625 0.6865234375 0.220703125 0.232421875
7 0.31640625 0.58984375 0.16015625 0.16015625
