2 0.8505859375 0.4873046875 0.298828125 0.544921875
2 0.24609375 0.775390625 0.4765625 0.4140625
7 0.6474609375 0.3896484375 0.158203125 0.134765625
7 0.4345703125 0.37109375 0.138671875 0.171875
7 0.6455078125 0.2626953125 0.119140625 0.126953125
7 0.5283203125 0.2294921875 0.111328125 0.158203125
7 0.41796875 0.115234375 0.15234375 0.12109375
7 0.330078125 0.2333984375 0.1484375 0.126953125
7 0.255859375 0.2978515625 0.10546875 0.146484375
7 0.1435546875 0.3291015625 0.185546875 0.166015625
7 0.1279296875 0.1904296875 0.189453125 0.138671875
7 0.3251953125 0.4228515625 0.162109375 0.107421875
