7 0.703125 0.712890625 0.14453125 0.11328125
7 0.31640625 0.6240234375 0.13671875 0.333984375
7 0.46484375 0.1337890625 0.1328125 0.236328125
7 0.3251953125 0.1162109375 0.158203125 0.193359375
7 0.1494140625 0.146484375 0.169921875 0.14453125
7 0.26171875 0.2587890625 0.12109375 0.193359375
7 0.376953125 0.357421875 0.10546875 0.20703125
7 0.125 0.482421875 0.20703125 0.203125
7 0.21484375 0.78125 0.11328125 0.203125
7 0.1298828125 0.2861328125 0.181640625 0.142578125
7 0.099609375 0.71484375 0.1640625 0.23046875
