7 0.657227 0.338867 0.169922 0.142578
7 0.788086 0.476562 0.126953 0.140625
7 0.811523 0.332031 0.154297 0.164062
7 0.683594 0.121094 0.191406 0.179688
7 0.433594 0.913086 0.390625 0.166016
7 0.115234 0.310547 0.187500 0.269531
7 0.127930 0.606445 0.154297 0.232422
7 0.207031 0.797852 0.167969 0.166016
7 0.539062 0.700195 0.152344 0.244141
7 0.229492 0.411133 0.142578 0.138672
7 0.316406 0.526367 0.250000 0.154297
7 0.374023 0.708008 0.236328 0.189453
7 0.596680 0.798828 0.162109 0.203125
7 0.778320 0.753906 0.162109 0.132812
7 0.662109 0.531250 0.183594 0.175781
7 0.518555 0.460938 0.107422 0.125000
7 0.366211 0.335938 0.197266 0.140625
7 0.487305 0.267578 0.103516 0.140625
