7 0.779296875 0.4208984375 0.1484375 0.185546875
7 0.642578125 0.34375 0.14453125 0.15625
7 0.646484375 0.48046875 0.16796875 0.15234375
7 0.5087890625 0.3076171875 0.146484375 0.173828125
7 0.7900390625 0.8681640625 0.193359375 0.197265625
7 0.6904296875 0.6064453125 0.158203125 0.126953125
7 0.70703125 0.7333984375 0.16796875 0.142578125
7 0.482421875 0.541015625 0.1328125 0.15625
7 0.4140625 0.4541015625 0.16015625 0.142578125
7 0.6025390625 0.85546875 0.158203125 0.12890625
7 0.4150390625 0.6630859375 0.138671875 0.138671875
7 0.25390625 0.3076171875 0.12109375 0.162109375
7 0.3671875 0.3056640625 0.109375 0.130859375
7 0.119140625 0.46484375 0.15625 0.203125
7 0.2529296875 0.5986328125 0.166015625 0.177734375
