3 0.453125 0.140625 0.1953125 0.1875
3 0.5810546875 0.3212890625 0.154296875 0.177734375
3 0.8251953125 0.607421875 0.185546875 0.19140625
3 0.7109375 0.4443359375 0.1875 0.205078125
0 0.6201171875 0.6689453125 0.291015625 0.259765625
0 0.8251953125 0.8408203125 0.212890625 0.275390625
0 0.318359375 0.5283203125 0.32421875 0.376953125
0 0.6240234375 0.8701171875 0.138671875 0.130859375
0 0.0869140625 0.3583984375 0.150390625 0.169921875
3 0.115234375 0.146484375 0.1484375 0.19140625
2 0.876953125 0.291015625 0.24609375 0.42578125
3 0.2236328125 0.8837890625 0.150390625 0.201171875
