3 0.8681640625 0.615234375 0.177734375 0.1875
3 0.8837890625 0.369140625 0.197265625 0.1953125
3 0.708984375 0.08203125 0.15625 0.15234375
3 0.49609375 0.0966796875 0.1875 0.181640625
3 0.5537109375 0.3134765625 0.216796875 0.189453125
3 0.5048828125 0.53125 0.185546875 0.16015625
3 0.3720703125 0.2451171875 0.146484375 0.169921875
3 0.201171875 0.298828125 0.19921875 0.1953125
3 0.212890625 0.658203125 0.18359375 0.203125
3 0.427734375 0.6259765625 0.12890625 0.123046875
0 0.490234375 0.833984375 0.3359375 0.33203125
