5 0.560547 0.362305 0.203125 0.263672
5 0.261719 0.370117 0.195312 0.205078
5 0.337891 0.286133 0.203125 0.197266
5 0.389648 0.142578 0.201172 0.210938
5 0.714844 0.242188 0.125000 0.234375
5 0.145508 0.736328 0.142578 0.160156
5 0.133789 0.866211 0.134766 0.146484
5 0.277344 0.847656 0.132812 0.171875
5 0.438477 0.907227 0.154297 0.162109
5 0.554688 0.861328 0.175781 0.152344
5 0.514648 0.767578 0.185547 0.148438
5 0.473633 0.669922 0.177734 0.121094
5 0.290039 0.701172 0.154297 0.152344
5 0.185547 0.534180 0.156250 0.134766
5 0.426758 0.575195 0.130859 0.126953
5 0.248047 0.515625 0.156250 0.179688
