5 0.8095703125 0.5517578125 0.212890625 0.173828125
5 0.7197265625 0.3642578125 0.208984375 0.166015625
5 0.4443359375 0.2431640625 0.193359375 0.146484375
5 0.3291015625 0.3828125 0.166015625 0.15625
5 0.5712890625 0.447265625 0.177734375 0.15625
5 0.7626953125 0.6884765625 0.099609375 0.126953125
5 0.669921875 0.6318359375 0.11328125 0.193359375
5 0.7724609375 0.7890625 0.166015625 0.13671875
5 0.564453125 0.62109375 0.09375 0.16015625
5 0.4833984375 0.53125 0.119140625 0.16796875
5 0.361328125 0.537109375 0.11328125 0.11328125
5 0.595703125 0.7705078125 0.16796875 0.181640625
5 0.4912109375 0.6884765625 0.162109375 0.177734375
5 0.34375 0.65625 0.15234375 0.20703125
