5 0.322265625 0.19921875 0.19140625 0.234375
5 0.7890625 0.6015625 0.2421875 0.25390625
5 0.5029296875 0.234375 0.169921875 0.20703125
5 0.474609375 0.6748046875 0.1640625 0.177734375
5 0.6650390625 0.2607421875 0.193359375 0.287109375
5 0.8125 0.3388671875 0.171875 0.181640625
5 0.240234375 0.5615234375 0.2890625 0.162109375
5 0.873046875 0.4990234375 0.171875 0.193359375
5 0.4892578125 0.498046875 0.232421875 0.15625
5 0.2275390625 0.6787109375 0.271484375 0.177734375
5 0.2578125 0.37890625 0.16015625 0.171875
