7 0.2646484375 0.0986328125 0.115234375 0.111328125
7 0.390625 0.1640625 0.109375 0.125
7 0.4130859375 0.59375 0.205078125 0.1796875
7 0.4013671875 0.794921875 0.138671875 0.16796875
7 0.560546875 0.822265625 0.1171875 0.17578125
7 0.255859375 0.9287109375 0.140625 0.134765625
7 0.5400390625 0.947265625 0.107421875 0.10546875
7 0.6005859375 0.560546875 0.099609375 0.39453125
7 0.6953125 0.45703125 0.078125 0.296875
7 0.623046875 0.20703125 0.171875 0.390625
7 0.767578125 0.1591796875 0.171875 0.294921875
7 0.6396484375 0.3857421875 0.111328125 0.244140625
