7 0.9150390625 0.263671875 0.150390625 0.16015625
7 0.775390625 0.1572265625 0.1640625 0.103515625
7 0.9150390625 0.427734375 0.134765625 0.16796875
7 0.7109375 0.2216796875 0.12109375 0.123046875
7 0.67578125 0.37890625 0.171875 0.16015625
7 0.7841796875 0.5166015625 0.123046875 0.193359375
7 0.6494140625 0.537109375 0.130859375 0.14453125
7 0.54296875 0.861328125 0.140625 0.16796875
7 0.46875 0.712890625 0.41796875 0.19140625
7 0.099609375 0.755859375 0.14453125 0.140625
7 0.107421875 0.51171875 0.1640625 0.17578125
