7 0.658203125 0.791015625 0.65234375 0.390625
7 0.8583984375 0.2177734375 0.201171875 0.158203125
7 0.6669921875 0.4970703125 0.083984375 0.181640625
7 0.5966796875 0.16015625 0.169921875 0.13671875
7 0.7099609375 0.25390625 0.138671875 0.1328125
7 0.4765625 0.2353515625 0.15625 0.166015625
7 0.58984375 0.314453125 0.109375 0.125
7 0.5322265625 0.3798828125 0.115234375 0.119140625
7 0.4169921875 0.4951171875 0.169921875 0.169921875
7 0.552734375 0.4970703125 0.109375 0.142578125
5 0.34765625 0.162109375 0.19140625 0.26953125
