7 0.9013671875 0.248046875 0.154296875 0.10546875
7 0.7685546875 0.2197265625 0.095703125 0.083984375
7 0.6064453125 0.169921875 0.162109375 0.13671875
7 0.6826171875 0.2548828125 0.130859375 0.123046875
7 0.853515625 0.32421875 0.19140625 0.12109375
7 0.8994140625 0.4345703125 0.201171875 0.134765625
7 0.328125 0.4609375 0.4453125 0.16015625
7 0.2548828125 0.55078125 0.341796875 0.15625
7 0.7275390625 0.6748046875 0.154296875 0.095703125
7 0.67578125 0.767578125 0.15234375 0.15234375
7 0.5400390625 0.8505859375 0.201171875 0.146484375
7 0.3525390625 0.87890625 0.205078125 0.16015625
