7 0.810546875 0.423828125 0.2578125 0.171875
7 0.6064453125 0.2060546875 0.298828125 0.251953125
7 0.5380859375 0.4072265625 0.150390625 0.193359375
7 0.5263671875 0.5849609375 0.154296875 0.126953125
7 0.642578125 0.833984375 0.171875 0.16796875
7 0.34375 0.05859375 0.10546875 0.1171875
7 0.41796875 0.291015625 0.1328125 0.19140625
7 0.4208984375 0.537109375 0.142578125 0.1328125
7 0.501953125 0.7001953125 0.171875 0.134765625
7 0.5478515625 0.8857421875 0.255859375 0.224609375
7 0.4375 0.91796875 0.16796875 0.1484375
7 0.279296875 0.3271484375 0.0859375 0.150390625
7 0.302734375 0.1552734375 0.09765625 0.130859375
7 0.2294921875 0.068359375 0.146484375 0.12890625
7 0.166015625 0.1259765625 0.15234375 0.158203125
7 0.126953125 0.24609375 0.1484375 0.09765625
7 0.1533203125 0.3486328125 0.142578125 0.166015625
7 0.244140625 0.4990234375 0.125 0.115234375
7 0.26171875 0.6376953125 0.109375 0.126953125
7 0.34765625 0.6708984375 0.12109375 0.115234375
7 0.06640625 0.3984375 0.10546875 0.28515625
7 0.306640625 0.76953125 0.140625 0.12890625
7 0.28515625 0.9375 0.1640625 0.125
7 0.15234375 0.8603515625 0.1953125 0.201171875
7 0.1171875 0.654296875 0.11328125 0.16015625
7 0.0517578125 0.7783203125 0.076171875 0.130859375
