7 0.537109375 0.1513671875 0.31640625 0.248046875
7 0.1650390625 0.134765625 0.142578125 0.16015625
7 0.05859375 0.1689453125 0.109375 0.130859375
7 0.8984375 0.6015625 0.1953125 0.171875
7 0.671875 0.880859375 0.14453125 0.1875
7 0.888671875 0.73828125 0.171875 0.125
7 0.7978515625 0.763671875 0.111328125 0.1640625
7 0.7841796875 0.896484375 0.099609375 0.1484375
7 0.2314453125 0.3076171875 0.185546875 0.138671875
7 0.6943359375 0.5791015625 0.138671875 0.185546875
7 0.6396484375 0.671875 0.142578125 0.1328125
7 0.583984375 0.486328125 0.109375 0.11328125
7 0.4033203125 0.646484375 0.123046875 0.1484375
7 0.57421875 0.744140625 0.15625 0.14453125
7 0.3837890625 0.353515625 0.236328125 0.21875
7 0.271484375 0.4169921875 0.29296875 0.287109375
7 0.5048828125 0.5361328125 0.158203125 0.158203125
