7 0.646484375 0.5078125 0.21484375 0.19140625
7 0.3828125 0.2216796875 0.19140625 0.169921875
7 0.251953125 0.3173828125 0.10546875 0.166015625
7 0.37109375 0.345703125 0.1015625 0.1171875
7 0.5517578125 0.70703125 0.123046875 0.125
7 0.2919921875 0.458984375 0.185546875 0.12890625
7 0.1455078125 0.3505859375 0.107421875 0.166015625
7 0.435546875 0.568359375 0.1328125 0.11328125
7 0.3642578125 0.626953125 0.119140625 0.09375
7 0.3896484375 0.6748046875 0.126953125 0.087890625
7 0.42578125 0.771484375 0.1171875 0.125
