7 0.7158203125 0.197265625 0.185546875 0.15625
7 0.5126953125 0.76171875 0.142578125 0.15625
7 0.5576171875 0.26171875 0.169921875 0.1640625
7 0.576171875 0.07421875 0.17578125 0.13671875
7 0.349609375 0.109375 0.171875 0.1171875
7 0.287109375 0.201171875 0.1640625 0.12890625
7 0.4599609375 0.16796875 0.115234375 0.1328125
7 0.283203125 0.4990234375 0.34765625 0.341796875
7 0.7109375 0.904296875 0.34375 0.1796875
7 0.3818359375 0.7607421875 0.142578125 0.138671875
7 0.4287109375 0.9208984375 0.169921875 0.158203125
