7 0.9404296875 0.1591796875 0.119140625 0.158203125
7 0.84765625 0.310546875 0.18359375 0.171875
7 0.90234375 0.4716796875 0.19140625 0.185546875
7 0.7265625 0.15625 0.2109375 0.1484375
7 0.7138671875 0.4814453125 0.181640625 0.197265625
7 0.7041015625 0.6484375 0.154296875 0.1640625
7 0.8994140625 0.6962890625 0.201171875 0.181640625
7 0.5966796875 0.310546875 0.205078125 0.16796875
7 0.7744140625 0.0546875 0.236328125 0.0859375
7 0.943359375 0.888671875 0.11328125 0.1640625
7 0.533203125 0.4384765625 0.20703125 0.154296875
7 0.4658203125 0.154296875 0.181640625 0.1640625
7 0.56640625 0.6787109375 0.1484375 0.162109375
7 0.79296875 0.837890625 0.15234375 0.19921875
7 0.5087890625 0.0693359375 0.134765625 0.115234375
7 0.23828125 0.5 0.19921875 0.19140625
7 0.236328125 0.21484375 0.16796875 0.16796875
7 0.6650390625 0.947265625 0.154296875 0.10546875
7 0.46875 0.875 0.19921875 0.2265625
7 0.6357421875 0.81640625 0.146484375 0.14453125
7 0.2724609375 0.6826171875 0.302734375 0.185546875
7 0.1611328125 0.0556640625 0.130859375 0.103515625
7 0.322265625 0.05078125 0.125 0.1015625
7 0.1025390625 0.1630859375 0.166015625 0.162109375
7 0.1513671875 0.814453125 0.197265625 0.171875
7 0.9130859375 0.474609375 0.173828125 0.15234375
