7 0.55078125 0.6357421875 0.1328125 0.181640625
7 0.5478515625 0.181640625 0.130859375 0.14453125
7 0.4072265625 0.2392578125 0.115234375 0.162109375
7 0.5908203125 0.2998046875 0.302734375 0.181640625
7 0.259765625 0.2841796875 0.2890625 0.177734375
7 0.3232421875 0.4580078125 0.158203125 0.126953125
7 0.4716796875 0.4482421875 0.134765625 0.150390625
7 0.4296875 0.5400390625 0.09375 0.173828125
7 0.5830078125 0.48046875 0.087890625 0.1640625
7 0.6123046875 0.8037109375 0.142578125 0.267578125
