5 0.8740234375 0.140625 0.169921875 0.19921875
5 0.75 0.2197265625 0.19140625 0.193359375
5 0.5810546875 0.2802734375 0.208984375 0.189453125
5 0.853515625 0.47265625 0.20703125 0.234375
5 0.755859375 0.744140625 0.171875 0.21875
5 0.6181640625 0.5888671875 0.259765625 0.150390625
5 0.533203125 0.43359375 0.1171875 0.1328125
5 0.677734375 0.4287109375 0.15234375 0.150390625
5 0.412109375 0.4130859375 0.1171875 0.248046875
5 0.2705078125 0.6181640625 0.173828125 0.244140625
5 0.3857421875 0.7080078125 0.201171875 0.224609375
1 0.3046875 0.2080078125 0.5 0.384765625
