5 0.271484375 0.794921875 0.20703125 0.2890625
5 0.1650390625 0.2353515625 0.185546875 0.177734375
5 0.4365234375 0.0673828125 0.181640625 0.107421875
5 0.6611328125 0.1240234375 0.111328125 0.220703125
5 0.7734375 0.1533203125 0.15234375 0.205078125
5 0.7666015625 0.3720703125 0.169921875 0.126953125
5 0.6591796875 0.4833984375 0.103515625 0.205078125
5 0.814453125 0.455078125 0.2109375 0.2265625
5 0.572265625 0.130859375 0.07421875 0.1796875
5 0.6357421875 0.2626953125 0.115234375 0.154296875
5 0.5390625 0.3759765625 0.140625 0.173828125
5 0.4287109375 0.4072265625 0.107421875 0.197265625
5 0.306640625 0.142578125 0.11328125 0.234375
5 0.15625 0.4287109375 0.22265625 0.224609375
5 0.291015625 0.3623046875 0.15234375 0.138671875
