7 0.904296875 0.4404296875 0.19140625 0.361328125
7 0.7333984375 0.6982421875 0.197265625 0.173828125
7 0.6904296875 0.3271484375 0.216796875 0.173828125
7 0.4326171875 0.1279296875 0.162109375 0.169921875
7 0.41015625 0.28125 0.38671875 0.140625
7 0.5556640625 0.548828125 0.181640625 0.1796875
7 0.646484375 0.8203125 0.109375 0.15234375
7 0.7587890625 0.8564453125 0.130859375 0.185546875
7 0.1611328125 0.72265625 0.150390625 0.12890625
7 0.365234375 0.4501953125 0.14453125 0.123046875
7 0.234375 0.416015625 0.140625 0.12109375
7 0.0849609375 0.43359375 0.111328125 0.13671875
