7 0.84765625 0.36328125 0.1875 0.1953125
7 0.3876953125 0.8017578125 0.193359375 0.138671875
7 0.4921875 0.2412109375 0.12890625 0.111328125
7 0.5498046875 0.33203125 0.119140625 0.12890625
7 0.3623046875 0.1328125 0.130859375 0.11328125
7 0.390625 0.2509765625 0.09375 0.095703125
7 0.3984375 0.333984375 0.12109375 0.11328125
7 0.404296875 0.4580078125 0.125 0.150390625
7 0.298828125 0.4990234375 0.1328125 0.162109375
7 0.283203125 0.3037109375 0.13671875 0.146484375
7 0.154296875 0.3193359375 0.14453125 0.134765625
7 0.345703125 0.6298828125 0.08984375 0.119140625
7 0.44921875 0.689453125 0.11328125 0.11328125
7 0.16796875 0.4150390625 0.1015625 0.138671875
7 0.064453125 0.3623046875 0.1015625 0.162109375
7 0.220703125 0.8974609375 0.1953125 0.154296875
