7 0.7470703125 0.6962890625 0.501953125 0.306640625
7 0.783203125 0.2080078125 0.1640625 0.142578125
7 0.79296875 0.44921875 0.15625 0.125
7 0.8798828125 0.2578125 0.162109375 0.14453125
7 0.9013671875 0.3349609375 0.162109375 0.115234375
7 0.6953125 0.3486328125 0.15625 0.158203125
7 0.5849609375 0.2587890625 0.126953125 0.177734375
7 0.306640625 0.224609375 0.18359375 0.21875
7 0.462890625 0.255859375 0.13671875 0.14453125
7 0.2578125 0.5146484375 0.2265625 0.185546875
7 0.0947265625 0.455078125 0.185546875 0.25390625
