5 0.830078125 0.369140625 0.30078125 0.24609375
5 0.6181640625 0.4140625 0.169921875 0.2109375
5 0.37109375 0.3203125 0.21875 0.21484375
5 0.744140625 0.537109375 0.16015625 0.1484375
5 0.19140625 0.4365234375 0.16796875 0.150390625
5 0.4326171875 0.5546875 0.146484375 0.20703125
5 0.744140625 0.6904296875 0.18359375 0.185546875
5 0.552734375 0.7431640625 0.12890625 0.267578125
5 0.6376953125 0.7421875 0.123046875 0.17578125
5 0.4365234375 0.728515625 0.107421875 0.203125
5 0.318359375 0.599609375 0.16796875 0.19921875
5 0.1689453125 0.6162109375 0.142578125 0.240234375
5 0.2861328125 0.755859375 0.150390625 0.25
