7 0.736328125 0.240234375 0.24609375 0.19921875
7 0.658203125 0.419921875 0.1484375 0.15625
7 0.7314453125 0.505859375 0.158203125 0.1015625
7 0.8291015625 0.3994140625 0.173828125 0.146484375
7 0.462890625 0.3798828125 0.12109375 0.130859375
7 0.4990234375 0.484375 0.162109375 0.13671875
7 0.251953125 0.6015625 0.1796875 0.41796875
7 0.361328125 0.416015625 0.1015625 0.1484375
7 0.5859375 0.556640625 0.13671875 0.1328125
7 0.46484375 0.607421875 0.1328125 0.1015625
7 0.36328125 0.7158203125 0.125 0.123046875
7 0.5068359375 0.73828125 0.091796875 0.14453125
7 0.3837890625 0.8125 0.099609375 0.10546875
7 0.5322265625 0.921875 0.138671875 0.15234375
7 0.4345703125 0.8583984375 0.091796875 0.107421875
