2 0.177734375 0.2412109375 0.32421875 0.474609375
2 0.6484375 0.828125 0.546875 0.34375
7 0.947265625 0.2744140625 0.10546875 0.134765625
7 0.806640625 0.30859375 0.2109375 0.15234375
7 0.615234375 0.228515625 0.1328125 0.15625
7 0.7626953125 0.505859375 0.138671875 0.1953125
7 0.6982421875 0.3779296875 0.099609375 0.115234375
7 0.638671875 0.43359375 0.11328125 0.16015625
7 0.4375 0.39453125 0.1484375 0.1640625
7 0.552734375 0.537109375 0.1875 0.1953125
7 0.5224609375 0.3291015625 0.138671875 0.154296875
7 0.9140625 0.138671875 0.1484375 0.13671875
