6 0.9169921875 0.3125 0.166015625 0.171875
6 0.89453125 0.466796875 0.12109375 0.171875
2 0.7587890625 0.1484375 0.458984375 0.24609375
6 0.7431640625 0.3212890625 0.251953125 0.154296875
6 0.8232421875 0.6630859375 0.216796875 0.177734375
6 0.7685546875 0.8515625 0.232421875 0.1875
6 0.5166015625 0.63671875 0.154296875 0.16796875
6 0.62890625 0.595703125 0.15234375 0.20703125
6 0.4736328125 0.29296875 0.173828125 0.11328125
6 0.4423828125 0.4462890625 0.162109375 0.185546875
6 0.765625 0.484375 0.13671875 0.16796875
6 0.5537109375 0.3916015625 0.111328125 0.146484375
