7 0.8212890625 0.1318359375 0.205078125 0.181640625
2 0.9384765625 0.1826171875 0.123046875 0.318359375
7 0.6982421875 0.3740234375 0.251953125 0.091796875
7 0.7177734375 0.6279296875 0.150390625 0.150390625
7 0.5712890625 0.5517578125 0.169921875 0.349609375
7 0.283203125 0.1826171875 0.203125 0.154296875
7 0.396484375 0.4775390625 0.1484375 0.146484375
7 0.5751953125 0.865234375 0.173828125 0.16796875
7 0.4248046875 0.6044921875 0.173828125 0.103515625
7 0.0859375 0.1484375 0.15625 0.11328125
7 0.1630859375 0.2578125 0.162109375 0.17578125
7 0.26953125 0.4453125 0.12109375 0.1328125
7 0.216796875 0.61328125 0.140625 0.171875
7 0.302734375 0.7822265625 0.1640625 0.126953125
7 0.0986328125 0.46875 0.162109375 0.1484375
7 0.095703125 0.62109375 0.1171875 0.12109375
7 0.365234375 0.8759765625 0.125 0.103515625
7 0.0673828125 0.7353515625 0.119140625 0.134765625
7 0.060546875 0.3134765625 0.1171875 0.134765625
7 0.0576171875 0.9296875 0.099609375 0.140625
7 0.2060546875 0.89453125 0.130859375 0.12109375
