7 0.87890625 0.412109375 0.1328125 0.12109375
7 0.6171875 0.3037109375 0.11328125 0.123046875
7 0.7685546875 0.30859375 0.091796875 0.140625
7 0.791015625 0.599609375 0.1328125 0.15234375
7 0.4150390625 0.6298828125 0.263671875 0.150390625
7 0.3916015625 0.4208984375 0.158203125 0.173828125
7 0.4462890625 0.2939453125 0.087890625 0.099609375
7 0.6240234375 0.5 0.087890625 0.14453125
7 0.69921875 0.4033203125 0.11328125 0.115234375
7 0.4931640625 0.4794921875 0.115234375 0.134765625
7 0.5166015625 0.3564453125 0.091796875 0.099609375
7 0.6298828125 0.646484375 0.111328125 0.12890625
