7 0.68359375 0.12109375 0.19140625 0.1796875
7 0.8115234375 0.33203125 0.154296875 0.1640625
7 0.7880859375 0.4765625 0.126953125 0.140625
7 0.6572265625 0.3388671875 0.169921875 0.142578125
7 0.4873046875 0.267578125 0.103515625 0.140625
7 0.3662109375 0.3359375 0.197265625 0.140625
7 0.5185546875 0.4609375 0.107421875 0.125
7 0.662109375 0.53125 0.18359375 0.17578125
7 0.7783203125 0.75390625 0.162109375 0.1328125
7 0.5966796875 0.798828125 0.162109375 0.203125
7 0.43359375 0.9130859375 0.390625 0.166015625
7 0.3740234375 0.7080078125 0.236328125 0.189453125
7 0.31640625 0.5263671875 0.25 0.154296875
7 0.2294921875 0.4111328125 0.142578125 0.138671875
7 0.5390625 0.7001953125 0.15234375 0.244140625
7 0.20703125 0.7978515625 0.16796875 0.166015625
7 0.1279296875 0.6064453125 0.154296875 0.232421875
7 0.115234375 0.310546875 0.1875 0.26953125
