7 0.8798828125 0.384765625 0.123046875 0.1484375
7 0.712890625 0.4052734375 0.15234375 0.208984375
7 0.779296875 0.25390625 0.11328125 0.16015625
7 0.6591796875 0.189453125 0.111328125 0.17578125
7 0.5732421875 0.1748046875 0.185546875 0.318359375
7 0.5126953125 0.298828125 0.205078125 0.33984375
7 0.4580078125 0.3818359375 0.158203125 0.400390625
7 0.2939453125 0.3681640625 0.158203125 0.150390625
7 0.2666015625 0.3994140625 0.259765625 0.400390625
7 0.0810546875 0.568359375 0.134765625 0.203125
7 0.111328125 0.349609375 0.1484375 0.21875
