7 0.9033203125 0.16796875 0.185546875 0.1640625
7 0.771484375 0.4375 0.1640625 0.17578125
2 0.3212890625 0.3232421875 0.376953125 0.318359375
7 0.4306640625 0.5029296875 0.103515625 0.095703125
7 0.560546875 0.5458984375 0.1328125 0.166015625
7 0.69921875 0.57421875 0.15234375 0.15234375
7 0.8857421875 0.6279296875 0.134765625 0.154296875
7 0.927734375 0.861328125 0.125 0.17578125
7 0.4443359375 0.646484375 0.150390625 0.18359375
7 0.591796875 0.75390625 0.13671875 0.23046875
7 0.7900390625 0.8779296875 0.130859375 0.146484375
7 0.6533203125 0.408203125 0.134765625 0.12890625
1 0.220703125 0.75390625 0.43359375 0.4921875
