7 0.900390625 0.263671875 0.16796875 0.1875
7 0.904296875 0.6923828125 0.1484375 0.154296875
7 0.7880859375 0.8154296875 0.119140625 0.162109375
7 0.6298828125 0.287109375 0.193359375 0.19921875
7 0.1259765625 0.5791015625 0.232421875 0.162109375
7 0.6484375 0.9033203125 0.1796875 0.166015625
7 0.4970703125 0.515625 0.138671875 0.1640625
7 0.3095703125 0.763671875 0.177734375 0.14453125
7 0.310546875 0.9130859375 0.140625 0.162109375
7 0.48046875 0.76953125 0.12109375 0.16796875
7 0.666015625 0.7412109375 0.15234375 0.150390625
