3 0.6279296875 0.361328125 0.169921875 0.16015625
2 0.759765625 0.49609375 0.48046875 0.26953125
0 0.775390625 0.7763671875 0.34765625 0.365234375
3 0.36328125 0.638671875 0.18359375 0.21484375
3 0.3359375 0.4189453125 0.23046875 0.263671875
3 0.5380859375 0.783203125 0.150390625 0.1640625
3 0.1875 0.1474609375 0.19140625 0.205078125
3 0.4833984375 0.9228515625 0.123046875 0.142578125
3 0.1171875 0.4248046875 0.1796875 0.255859375
2 0.185546875 0.763671875 0.33984375 0.47265625
0 0.7314453125 0.1650390625 0.400390625 0.291015625
