3 0.880859375 0.2412109375 0.1484375 0.162109375
3 0.86328125 0.37890625 0.140625 0.12890625
0 0.765625 0.5751953125 0.265625 0.240234375
0 0.70703125 0.25 0.24609375 0.3671875
3 0.4052734375 0.1533203125 0.228515625 0.240234375
3 0.5283203125 0.50390625 0.248046875 0.20703125
3 0.412109375 0.615234375 0.125 0.140625
0 0.4873046875 0.8544921875 0.345703125 0.287109375
3 0.904296875 0.8681640625 0.19140625 0.220703125
3 0.21484375 0.7333984375 0.1796875 0.177734375
3 0.1103515625 0.5166015625 0.208984375 0.255859375
0 0.10546875 0.8193359375 0.203125 0.341796875
