6 0.4072265625 0.271484375 0.185546875 0.29296875
6 0.65234375 0.2119140625 0.2109375 0.310546875
6 0.7666015625 0.4296875 0.212890625 0.2890625
6 0.912109375 0.4814453125 0.15625 0.263671875
6 0.796875 0.673828125 0.13671875 0.19921875
6 0.5625 0.439453125 0.18359375 0.27734375
6 0.5693359375 0.6904296875 0.244140625 0.248046875
6 0.359375 0.60546875 0.16796875 0.17578125
6 0.439453125 0.798828125 0.1953125 0.265625
6 0.296875 0.4189453125 0.30859375 0.263671875
6 0.1474609375 0.5322265625 0.228515625 0.216796875
6 0.1708984375 0.7509765625 0.291015625 0.232421875
6 0.2900390625 0.9267578125 0.212890625 0.146484375
