5 0.71484375 0.2421875 0.125 0.234375
5 0.560546875 0.3623046875 0.203125 0.263671875
5 0.3896484375 0.142578125 0.201171875 0.2109375
5 0.337890625 0.2861328125 0.203125 0.197265625
5 0.26171875 0.3701171875 0.1953125 0.205078125
5 0.248046875 0.515625 0.15625 0.1796875
5 0.4267578125 0.5751953125 0.130859375 0.126953125
5 0.185546875 0.5341796875 0.15625 0.134765625
5 0.2900390625 0.701171875 0.154296875 0.15234375
5 0.4736328125 0.669921875 0.177734375 0.12109375
5 0.5146484375 0.767578125 0.185546875 0.1484375
5 0.5546875 0.861328125 0.17578125 0.15234375
5 0.4384765625 0.9072265625 0.154296875 0.162109375
5 0.27734375 0.84765625 0.1328125 0.171875
5 0.1337890625 0.8662109375 0.134765625 0.146484375
5 0.1455078125 0.736328125 0.142578125 0.16015625
